Country,Under_17,Under_30,Under_45,Under_60,Over_60,Total
USA,4006,21062,26105,19111,6211,76495
United_Kingdom,512,4673,4723,2118,509,12535
Australia,279,530,607,440,150,2006
New_Zealand,1341,2690,2638,1731,496,8896
Canada,666,3978,3783,2289,669,11385
Other,2462,29303,18413,5442,1159,56779
Total,9266,62236,56269,31131,9194,168096
